100
428 98
642 34
1000 1
924 39
921 39
758 81
915 30
30 46
808 71
950 95
1000 99
977 44
355 11
424 35
497 91
918 38
1000 97
81 39
865 23
453 71
853 50
712 1
171 6
2 5
398 61
885 57
124 68
728 33
2 50
61 39
793 69
583 72
1000 2
1000 3
169 3
492 78
659 89
2 99
373 46
930 46
540 8
838 46
93 3
1000 5
1000 98
875 93
254 30
264 31
1000 95
500 44
537 11
755 11
950 63
13 37
270 26
616 91
2 4
277 79
397 40
816 86
67 45
598 42
635 54
871 75
582 60
226 22
2 98
3 10
758 85
239 20
494 92
779 34
1000 96
509 10
906 56
958 86
2 2
440 28
824 54
835 62
2 3
451 5
2 1
633 94
2 97
684 94
2 96
2 95
1000 4
744 91
894 97
387 98
177 61
580 93
551 71
103 5
289 65
289 48
555 27
740 92
